(
CP045927.1:0.95728,
FR821777.2:0.02340,
CP000253.1:0.02380);
